2 0.003 -0.003  3.6102729924e-04 1.1613769458e-02  3.6176072107e-02
1 -0.003 -0.003  3.6102723618e-04 1.2007343402e-02  3.6047347843e-02
4 0.003 0.003  3.6102729924e-04 -1.1613769458e-02  -3.6176072107e-02
3 -0.003 0.003  3.6102723618e-04 -1.2007343402e-02  -3.6047347843e-02
6 -0.002 -0.005  1.7300214310e-07 7.5754794801e-04  3.4369980980e-04
8 -0.002 -0.002  1.6021090178e-03 -5.7487268776e-02  5.5618189351e-02
10 0.005 -0.005  1.9054995611e-07 -8.4466836070e-04  -2.2076014063e-04
5 -0.005 -0.005  1.9055005220e-07 8.5623805425e-04  1.7045954967e-04
7 -0.005 -0.002  1.1636662008e-04 -1.9751221674e-02  -8.6776470300e-03
14 -0.002 0.002  1.6021090178e-03 5.7487268776e-02  -5.5618189351e-02
11 0.002 -0.002  1.6021109692e-03 6.5692295414e-02  -4.5636598928e-02
12 0.005 -0.002  1.1636651693e-04 -1.9326095623e-02  -9.5871753405e-03
9 0.002 -0.005  1.7300132976e-07 6.3161333473e-04  5.4135921053e-04
18 0.005 0.002  1.1636651693e-04 1.9326095623e-02  9.5871753405e-03
16 -0.002 0.005  1.7300214310e-07 -7.5754794801e-04  -3.4369980980e-04
15 -0.005 0.005  1.9055005220e-07 -8.5623805425e-04  -1.7045954967e-04
13 -0.005 0.002  1.1636662008e-04 1.9751221674e-02  8.6776470300e-03
17 0.002 0.002  1.6021109692e-03 -6.5692295414e-02  4.5636598928e-02
19 0.002 0.005  1.7300132976e-07 -6.3161333473e-04  -5.4135921053e-04
20 0.005 0.005  1.9054995611e-07 8.4466836070e-04  2.2076014063e-04
